type,phone,F1_25,F2_25,F3_25,B1_25,B2_25,B3_25,F1_75,F2_75,F3_75,B1_75,B2_75,B3_75
means,a0,687.7142857143,1185.9285714286,2544.8571428571,2.1861778001,2.1711907662,2.5587360178,704.5,1231.1428571429,2397.9285714286,2.2489762043,2.2412361392,2.600286578
means,a1,714.2617499536,1220.4960059446,2642.399405536,2.0632534732,2.1345099432,2.5375061828,703.0118892811,1222.633104217,2625.7737321196,2.0614049869,2.1402716761,2.5348704612
means,i0,432.752616384,1996.3108985926,2668.0590039697,1.9476379597,2.447410986,2.5231223706,411.1632984482,1948.8072897871,2668.0902201371,2.0541411614,2.5668676489,2.5926664016
means,i1,409.390557377,2035.3921311475,2723.2790819672,1.932026887,2.4441566227,2.5344946045,382.0266229508,2000.3741639344,2695.2203278689,1.9878397277,2.5373695984,2.5711566933
means,u0,402.6846153846,1368.4846153846,2410.5,2.0155680894,2.5333039486,2.6406351073,465.6461538462,1291.0769230769,2378.4076923077,1.9128912341,2.2519579728,2.5015665206
means,ul0,424.3477011494,1085.1867816092,2468.275862069,1.8191325395,2.1999434967,2.5225611273,406.9252873563,898.1235632184,2532.5833333333,1.9186922308,2.1630354275,2.5453349035
means,u1,408.8784409921,1622.5849005179,2482.931316435,1.8829757413,2.3547500752,2.497386237,389.7917688744,1470.4333605887,2452.7549741074,1.9464304826,2.427268585,2.5252825621
means,ul0,424.3477011494,1085.1867816092,2468.275862069,1.8191325395,2.1999434967,2.5225611273,406.9252873563,898.1235632184,2532.5833333333,1.9186922308,2.1630354275,2.5453349035
means,w,432.142804394,1076.8675343857,2433.3088710422,2.2669979531,2.6046307745,2.7057702053,471.7564848149,1008.3373949968,2418.9373211483,2.018273145,2.1040623673,2.5578687207
means,j,404.3214986269,1929.2877599059,2793.6327971754,2.2041339704,2.5963718337,2.6196693657,398.8566104355,2047.7787367595,2736.9460572774,2.0193634324,2.4067295273,2.5769792159
means,cerd_a,738.930491255144,1608.40020576132,2625.98463220165,2.07352742581133,2.24767839893531,2.52847800569318,700.690586419753,1608.76292438272,2635.06757973251,2.16308149004884,2.30630689864331,2.55757513027263
means,cerd_i,428.807253463733,2228.38467807661,2890.18347595762,1.94583736764012,2.37298375339601,2.46196206068157,439.44152404238,2151.76568867156,2833.16147106764,1.99451735845361,2.43507491005246,2.48823416773004
means,cerd_u,496.227499042512,1159.53312906932,2530.50210647262,2.11042385674166,2.4734770244436,2.61140146228376,501.196476445806,1306.01608579088,2546.28533129069,2.12058557419681,2.46806134731759,2.56775635838278
matrix,a0,0.0002232188,-0.0000403,-0.00000905,-0.0090043271,0.008688164,0.0249114026,-0.0000376,0.0000258,-0.00000978,0.0340048629,-0.0285784286,-0.0161647973
matrix,a0,-0.0000403,0.0001610757,-0.00000538,0.0180413336,0.0046452763,-0.0232122385,-0.0000374,-0.0000946,0.0000201,-0.0177914628,0.0186895955,0.019425709
matrix,a0,-0.00000905,-0.00000538,0.0000125,-0.0032087203,0.0076234254,-0.0047059025,-0.00000189,0.00000761,-0.00000537,0.0006714559,-0.0045160934,-0.0005689526
matrix,a0,-0.0090043271,0.0180413336,-0.0032087203,27.3464293816,-8.5199626969,-3.1607650782,-0.0238878629,-0.0125501635,0.0006679461,-20.2993431656,1.4538492195,0.3009934049
matrix,a0,0.008688164,0.0046452763,0.0076234254,-8.5199626969,17.6533937371,-1.6854206834,-0.0021882168,-0.0030470503,-0.0026900312,7.8007154138,-7.6579723741,0.7174386548
matrix,a0,0.0249114026,-0.0232122385,-0.0047059025,-3.1607650782,-1.6854206834,19.1784045579,-0.0078710496,0.0152169155,-0.001212659,1.6140415644,0.0297014554,-11.7704066142
matrix,a0,-0.0000376,-0.0000374,-0.00000189,-0.0238878629,-0.0021882168,-0.0078710496,0.0001952977,0.0000246,-0.000017,0.0201718776,-0.0214362033,0.0137350591
matrix,a0,0.0000258,-0.0000946,0.00000761,-0.0125501635,-0.0030470503,0.0152169155,0.0000246,0.0000956,-0.0000189,0.0150921061,-0.0153677045,-0.0192862924
matrix,a0,-0.00000978,0.0000201,-0.00000537,0.0006679461,-0.0026900312,-0.001212659,-0.000017,-0.0000189,0.0000152,-0.0032992083,0.015727648,0.0014968343
matrix,a0,0.0340048629,-0.0177914628,0.0006714559,-20.2993431656,7.8007154138,1.6140415644,0.0201718776,0.0150921061,-0.0032992083,28.7182564398,-10.8091058381,1.7503983419
matrix,a0,-0.0285784286,0.0186895955,-0.0045160934,1.4538492195,-7.6579723741,0.0297014554,-0.0214362033,-0.0153677045,0.015727648,-10.8091058381,29.1976475698,-0.4383436662
matrix,a0,-0.0161647973,0.019425709,-0.0005689526,0.3009934049,0.7174386548,-11.7704066142,0.0137350591,-0.0192862924,0.0014968343,1.7503983419,-0.4383436662,16.7117786492
matrix,a1,0.0001887255,-0.0000098,-0.00000676,0.0036689411,0.0020628696,-0.0056446945,-0.0001160804,-0.0000032,-0.000000475,-0.0056333879,0.0001373037,0.0014439269
matrix,a1,-0.0000098,0.000058,0.00000643,0.0078690701,-0.0077431727,-0.0030651105,0.0000016,-0.0000394,-0.00000581,-0.0065691091,0.0011327402,-0.0000694
matrix,a1,-0.00000676,0.00000643,0.0000238,-0.0003809105,0.0046353984,0.0013211404,-0.000000434,-0.00000683,-0.0000187,-0.0012549805,-0.0027403525,-0.0017126675
matrix,a1,0.0036689411,0.0078690701,-0.0003809105,22.2657042878,-2.3095924357,-2.2470782733,-0.0033189643,-0.0074249226,-0.0011911439,-12.7795687402,1.6935457371,0.7612347729
matrix,a1,0.0020628696,-0.0077431727,0.0046353984,-2.3095924357,21.8078639853,-1.430480054,-0.0005255911,-0.0001249363,-0.0019580871,1.3440468337,-6.7589276003,0.549222231
matrix,a1,-0.0056446945,-0.0030651105,0.0013211404,-2.2470782733,-1.430480054,17.8277327971,0.0008154812,0.0014925018,-0.0000869,0.9729467304,0.2857886306,-8.1060734807
matrix,a1,-0.0001160804,0.0000016,-0.000000434,-0.0033189643,-0.0005255911,0.0008154812,0.0001780112,-0.0000213,-0.00000718,0.0060437866,-0.0028557167,-0.0028822868
matrix,a1,-0.0000032,-0.0000394,-0.00000683,-0.0074249226,-0.0001249363,0.0014925018,-0.0000213,0.0000605,0.00000586,0.0102950711,-0.0030255024,0.00000152
matrix,a1,-0.000000475,-0.00000581,-0.0000187,-0.0011911439,-0.0019580871,-0.0000869,-0.00000718,0.00000586,0.0000242,0.0004455178,0.0043879955,0.0012180583
matrix,a1,-0.0056333879,-0.0065691091,-0.0012549805,-12.7795687402,1.3440468337,0.9729467304,0.0060437866,0.0102950711,0.0004455178,20.4033456675,-3.8823662317,-3.0470288086
matrix,a1,0.0001373037,0.0011327402,-0.0027403525,1.6935457371,-6.7589276003,0.2857886306,-0.0028557167,-0.0030255024,0.0043879955,-3.8823662317,21.2160376811,-1.3567593014
matrix,a1,0.0014439269,-0.0000694,-0.0017126675,0.7612347729,0.549222231,-8.1060734807,-0.0028822868,0.00000152,0.0012180583,-3.0470288086,-1.3567593014,17.8154475063
matrix,i0,0.0002639009,0.00000123,0.00000536,-0.010636292,0.0004813513,0.0007777305,-0.0001210732,-0.00000545,-0.00000957,-0.0009553133,-0.0147938562,-0.0002861889
matrix,i0,0.00000123,0.0000232,-0.00000887,0.0016602054,0.0026091154,-0.0052975903,0.00000132,-0.000013,0.00000286,-0.0014835941,-0.0030091671,0.0035179763
matrix,i0,0.00000536,-0.00000887,0.0000291,-0.002900015,0.0052762797,-0.0017323024,-0.000000846,0.0000045,-0.0000213,0.0025375779,-0.0045998827,-0.0007527987
matrix,i0,-0.010636292,0.0016602054,-0.002900015,21.5935674758,-2.774825699,-2.8264110045,0.0021079305,-0.0007513331,0.0028541912,-7.119433685,1.6582190778,0.2136313767
matrix,i0,0.0004813513,0.0026091154,0.0052762797,-2.774825699,14.0555616518,2.8001299828,-0.005682937,0.0010334474,-0.0074485507,1.6315444639,-7.1909194919,-0.9814613817
matrix,i0,0.0007777305,-0.0052975903,-0.0017323024,-2.8264110045,2.8001299828,20.1341948985,-0.0029906589,0.0033984996,0.0006811818,1.1784618656,-0.9519241572,-7.079708055
matrix,i0,-0.0001210732,0.00000132,-0.000000846,0.0021079305,-0.005682937,-0.0029906589,0.0001787119,-0.00000498,0.0000032,-0.0029854297,0.0076550417,0.003602875
matrix,i0,-0.00000545,-0.000013,0.0000045,-0.0007513331,0.0010334474,0.0033984996,-0.00000498,0.0000208,-0.0000103,0.0029474391,0.0037695638,-0.0033712756
matrix,i0,-0.00000957,0.00000286,-0.0000213,0.0028541912,-0.0074485507,0.0006811818,0.0000032,-0.0000103,0.0000332,-0.0030821098,0.0035335381,-0.0030887579
matrix,i0,-0.0009553133,-0.0014835941,0.0025375779,-7.119433685,1.6315444639,1.1784618656,-0.0029854297,0.0029474391,-0.0030821098,14.5528210963,-4.3353508728,-3.9543356865
matrix,i0,-0.0147938562,-0.0030091671,-0.0045998827,1.6582190778,-7.1909194919,-0.9519241572,0.0076550417,0.0037695638,0.0035335381,-4.3353508728,15.3198139762,4.0714580216
matrix,i0,-0.0002861889,0.0035179763,-0.0007527987,0.2136313767,-0.9814613817,-7.079708055,0.003602875,-0.0033712756,-0.0030887579,-3.9543356865,4.0714580216,21.2831047814
matrix,i1,0.0003377312,-0.0000000224,0.00000397,-0.0160336322,0.0027994764,0.0038171042,-0.0001912721,-0.00000586,-0.0000112,-0.0008502294,-0.0090591179,0.0030773653
matrix,i1,-0.0000000224,0.0000214,-0.00000842,0.0005559117,0.0024769095,-0.0056958179,-0.000000777,-0.0000113,0.00000325,-0.0014884581,-0.0019383679,0.0037025086
matrix,i1,0.00000397,-0.00000842,0.0000317,-0.0016940878,0.0050353399,-0.001529629,-0.00000341,0.0000045,-0.0000231,0.003587616,-0.0058092533,-0.0021014586
matrix,i1,-0.0160336322,0.0005559117,-0.0016940878,20.3657546949,-1.8564436921,-2.943301909,0.0051086989,0.0003904322,0.0020626556,-6.137385119,1.2306388639,0.1212773754
matrix,i1,0.0027994764,0.0024769095,0.0050353399,-1.8564436921,14.0083808362,3.262001047,-0.0130749744,0.0013453663,-0.007325516,1.8410128213,-7.0954668298,-1.0462541364
matrix,i1,0.0038171042,-0.0056958179,-0.001529629,-2.943301909,3.262001047,20.2338968393,-0.0051992797,0.0029331496,0.0007464038,0.7369896199,-1.2042414953,-5.9350070989
matrix,i1,-0.0001912721,-0.000000777,-0.00000341,0.0051086989,-0.0130749744,-0.0051992797,0.00029599,-0.0000053,0.00000285,-0.0081456061,0.0042651421,0.0056341382
matrix,i1,-0.00000586,-0.0000113,0.0000045,0.0003904322,0.0013453663,0.0029331496,-0.0000053,0.0000177,-0.00000876,0.0025165666,0.0032496485,-0.0050533383
matrix,i1,-0.0000112,0.00000325,-0.0000231,0.0020626556,-0.007325516,0.0007464038,0.00000285,-0.00000876,0.000032,-0.0034786734,0.0046450763,-0.0007157036
matrix,i1,-0.0008502294,-0.0014884581,0.003587616,-6.137385119,1.8410128213,0.7369896199,-0.0081456061,0.0025165666,-0.0034786734,17.1611075005,-3.4099366266,-3.5512408311
matrix,i1,-0.0090591179,-0.0019383679,-0.0058092533,1.2306388639,-7.0954668298,-1.2042414953,0.0042651421,0.0032496485,0.0046450763,-3.4099366266,13.9133965813,4.3764122944
matrix,i1,0.0030773653,0.0037025086,-0.0021014586,0.1212773754,-1.0462541364,-5.9350070989,0.0056341382,-0.0050533383,-0.0007157036,-3.5512408311,4.3764122944,19.6729754444
matrix,u0,0.0004283286,0.00000473,-0.0000328,-0.0036794517,-0.0178003114,-0.0101387319,-0.0001070677,0.00000412,0.00000842,-0.0096520032,0.0029000076,-0.0064965275
matrix,u0,0.00000473,0.0000201,-0.00000565,0.0039481035,0.0000508,-0.0067068282,0.0000227,-0.0000134,-0.0000016,-0.0067172412,-0.0040521398,0.0040950881
matrix,u0,-0.0000328,-0.00000565,0.0000217,-0.0033180354,0.0032468071,-0.0010432815,0.0000166,0.00000259,-0.0000141,0.0004495514,0.0006961758,-0.0014146926
matrix,u0,-0.0036794517,0.0039481035,-0.0033180354,25.8843789855,-7.1370062374,-3.7314882403,-0.025438014,-0.003702544,0.0056605005,-8.3703146822,6.0067655572,-1.0496147461
matrix,u0,-0.0178003114,0.0000508,0.0032468071,-7.1370062374,13.9852380931,-0.4106174329,0.0047776921,0.002234641,-0.004274999,3.0571315935,-7.0486042421,3.1581236731
matrix,u0,-0.0101387319,-0.0067068282,-0.0010432815,-3.7314882403,-0.4106174329,21.4286541997,-0.005854941,0.0021863586,0.0069088502,1.5751315325,1.2417811671,-4.7034429345
matrix,u0,-0.0001070677,0.0000227,0.0000166,-0.025438014,0.0047776921,-0.005854941,0.0002132507,-0.00000986,-0.0000329,-0.0102843559,-0.0006210966,0.0044310807
matrix,u0,0.00000412,-0.0000134,0.00000259,-0.003702544,0.002234641,0.0021863586,-0.00000986,0.0000213,-0.00000736,0.0042088797,-0.0010660917,-0.0041138952
matrix,u0,0.00000842,-0.0000016,-0.0000141,0.0056605005,-0.004274999,0.0069088502,-0.0000329,-0.00000736,0.0000297,0.0008486304,0.0047316786,-0.0012786967
matrix,u0,-0.0096520032,-0.0067172412,0.0004495514,-8.3703146822,3.0571315935,1.5751315325,-0.0102843559,0.0042088797,0.0008486304,24.7444167969,-6.9392491778,-5.6084543601
matrix,u0,0.0029000076,-0.0040521398,0.0006961758,6.0067655572,-7.0486042421,1.2417811671,-0.0006210966,-0.0010660917,0.0047316786,-6.9392491778,15.4804852038,-3.2800540879
matrix,u0,-0.0064965275,0.0040950881,-0.0014146926,-1.0496147461,3.1581236731,-4.7034429345,0.0044310807,-0.0041138952,-0.0012786967,-5.6084543601,-3.2800540879,18.7774468364
matrix,ul0,0.0008563063,-0.0000681,-0.000014,-0.0108402626,0.0024028888,0.001952107,-0.0005414016,0.0000688,-0.0000174,-0.0175001156,-0.0043333727,-0.0218830705
matrix,ul0,-0.0000681,0.0000527,0.00000212,0.0016809428,-0.0054590508,0.0015864466,0.0000388,-0.0000331,0.00000395,-0.0020049582,0.0016100888,0.0051240337
matrix,ul0,-0.000014,0.00000212,0.0000293,-0.0015119444,0.0057899037,-0.0001042182,-0.0000147,-0.000000924,-0.0000211,0.0011504835,-0.0026552393,-0.0035657206
matrix,ul0,-0.0108402626,0.0016809428,-0.0015119444,29.2726134978,-5.7862044735,-1.6544073276,0.0050022863,-0.0059280732,0.0017008198,-13.1227677742,4.4297126319,-1.9732429871
matrix,ul0,0.0024028888,-0.0054590508,0.0057899037,-5.7862044735,18.8738644375,-2.4847756276,-0.0079334367,-0.0041527015,-0.0029547062,3.1599882741,-6.5808396409,0.8602373653
matrix,ul0,0.001952107,0.0015864466,-0.0001042182,-1.6544073276,-2.4847756276,16.0905704247,-0.0058155339,-0.0014302939,-0.0017392759,2.0611070805,0.574302754,-8.0490646657
matrix,ul0,-0.0005414016,0.0000388,-0.0000147,0.0050022863,-0.0079334367,-0.0058155339,0.0007040635,-0.0001059865,0.00000169,0.0125162616,-0.0025112186,0.0055840287
matrix,ul0,0.0000688,-0.0000331,-0.000000924,-0.0059280732,-0.0041527015,-0.0014302939,-0.0001059865,0.0000774,-0.00000312,0.0000266,-0.0014466283,-0.0002291139
matrix,ul0,-0.0000174,0.00000395,-0.0000211,0.0017008198,-0.0029547062,-0.0017392759,0.00000169,-0.00000312,0.000028,0.0020604216,0.0048370783,0.0027713202
matrix,ul0,-0.0175001156,-0.0020049582,0.0011504835,-13.1227677742,3.1599882741,2.0611070805,0.0125162616,0.0000266,0.0020604216,24.8047167637,-3.2278972485,-5.2229766131
matrix,ul0,-0.0043333727,0.0016100888,-0.0026552393,4.4297126319,-6.5808396409,0.574302754,-0.0025112186,-0.0014466283,0.0048370783,-3.2278972485,13.5867321688,-2.9224730998
matrix,ul0,-0.0218830705,0.0051240337,-0.0035657206,-1.9732429871,0.8602373653,-8.0490646657,0.0055840287,-0.0002291139,0.0027713202,-5.2229766131,-2.9224730998,20.1807052176
matrix,u1,0.0003875058,-0.00000594,-0.0000302,-0.0105505495,0.0030904415,0.0050729361,-0.0002074781,0.00000408,0.0000121,0.0027738857,-0.0048726145,-0.0058729839
matrix,u1,-0.00000594,0.0000198,-0.00000602,0.002641003,0.0004791633,-0.0036243641,0.00000453,-0.0000128,0.00000201,-0.0010634341,-0.0016315792,0.001803485
matrix,u1,-0.0000302,-0.00000602,0.000047,0.0015461326,0.0052640021,-0.0022144581,0.00000858,0.000000538,-0.0000334,-0.0002871011,-0.004638423,0.001961661
matrix,u1,-0.0105505495,0.002641003,0.0015461326,18.819483846,-1.3105525321,-4.1542951135,0.0026905282,-0.0018225581,-0.000205172,-7.2060991449,1.1499716905,0.5588253404
matrix,u1,0.0030904415,0.0004791633,0.0052640021,-1.3105525321,14.8853383179,-0.0327502872,-0.0066003532,0.0014479364,-0.0062473974,-0.2084494911,-6.1251518515,0.6963759979
matrix,u1,0.0050729361,-0.0036243641,-0.0022144581,-4.1542951135,-0.0327502872,18.220512106,-0.0087570913,0.0025461247,0.0007849045,1.8318421375,0.2815872621,-7.2634894459
matrix,u1,-0.0002074781,0.00000453,0.00000858,0.0026905282,-0.0066003532,-0.0087570913,0.0003010021,-0.00000143,-0.0000168,-0.0036632467,0.0086296711,0.0053364862
matrix,u1,0.00000408,-0.0000128,0.000000538,-0.0018225581,0.0014479364,0.0025461247,-0.00000143,0.0000169,-0.00000433,0.0024058611,-0.0011605311,-0.0009722961
matrix,u1,0.0000121,0.00000201,-0.0000334,-0.000205172,-0.0062473974,0.0007849045,-0.0000168,-0.00000433,0.000041,-0.0004414753,0.0063499836,-0.004390058
matrix,u1,0.0027738857,-0.0010634341,-0.0002871011,-7.2060991449,-0.2084494911,1.8318421375,-0.0036632467,0.0024058611,-0.0004414753,16.7943904617,-3.2046305454,-3.6302939731
matrix,u1,-0.0048726145,-0.0016315792,-0.004638423,1.1499716905,-6.1251518515,0.2815872621,0.0086296711,-0.0011605311,0.0063499836,-3.2046305454,15.0520780441,-1.3650922141
matrix,u1,-0.0058729839,0.001803485,0.001961661,0.5588253404,0.6963759979,-7.2634894459,0.0053364862,-0.0009722961,-0.004390058,-3.6302939731,-1.3650922141,18.2371272263
matrix,ul1,0.0008563063,-0.0000681,-0.000014,-0.0108402626,0.0024028888,0.001952107,-0.0005414016,0.0000688,-0.0000174,-0.0175001156,-0.0043333727,-0.0218830705
matrix,ul1,-0.0000681,0.0000527,0.00000212,0.0016809428,-0.0054590508,0.0015864466,0.0000388,-0.0000331,0.00000395,-0.0020049582,0.0016100888,0.0051240337
matrix,ul1,-0.000014,0.00000212,0.0000293,-0.0015119444,0.0057899037,-0.0001042182,-0.0000147,-0.000000924,-0.0000211,0.0011504835,-0.0026552393,-0.0035657206
matrix,ul1,-0.0108402626,0.0016809428,-0.0015119444,29.2726134978,-5.7862044735,-1.6544073276,0.0050022863,-0.0059280732,0.0017008198,-13.1227677742,4.4297126319,-1.9732429871
matrix,ul1,0.0024028888,-0.0054590508,0.0057899037,-5.7862044735,18.8738644375,-2.4847756276,-0.0079334367,-0.0041527015,-0.0029547062,3.1599882741,-6.5808396409,0.8602373653
matrix,ul1,0.001952107,0.0015864466,-0.0001042182,-1.6544073276,-2.4847756276,16.0905704247,-0.0058155339,-0.0014302939,-0.0017392759,2.0611070805,0.574302754,-8.0490646657
matrix,ul1,-0.0005414016,0.0000388,-0.0000147,0.0050022863,-0.0079334367,-0.0058155339,0.0007040635,-0.0001059865,0.00000169,0.0125162616,-0.0025112186,0.0055840287
matrix,ul1,0.0000688,-0.0000331,-0.000000924,-0.0059280732,-0.0041527015,-0.0014302939,-0.0001059865,0.0000774,-0.00000312,0.0000266,-0.0014466283,-0.0002291139
matrix,ul1,-0.0000174,0.00000395,-0.0000211,0.0017008198,-0.0029547062,-0.0017392759,0.00000169,-0.00000312,0.000028,0.0020604216,0.0048370783,0.0027713202
matrix,ul1,-0.0175001156,-0.0020049582,0.0011504835,-13.1227677742,3.1599882741,2.0611070805,0.0125162616,0.0000266,0.0020604216,24.8047167637,-3.2278972485,-5.2229766131
matrix,ul1,-0.0043333727,0.0016100888,-0.0026552393,4.4297126319,-6.5808396409,0.574302754,-0.0025112186,-0.0014466283,0.0048370783,-3.2278972485,13.5867321688,-2.9224730998
matrix,ul1,-0.0218830705,0.0051240337,-0.0035657206,-1.9732429871,0.8602373653,-8.0490646657,0.0055840287,-0.0002291139,0.0027713202,-5.2229766131,-2.9224730998,20.1807052176
matrix,w,0.0000853,-0.0000105,-0.00000612,-0.006920202,0.0044437642,0.000180681,-0.000038,0.00000121,0.00000301,0.0022233944,-0.0018685675,0.0001193089
matrix,w,-0.0000105,0.0000192,-0.0000102,-0.0020585789,-0.0082293976,-0.0031133524,0.0000112,-0.0000029,0.00000442,-0.0014965462,-0.0015225435,0.0007916063
matrix,w,-0.00000612,-0.0000102,0.0000202,0.002387867,0.0037029862,0.0006737674,-0.000000683,0.000000221,-0.0000104,0.0000753,0.0001574821,-0.0012436617
matrix,w,-0.006920202,-0.0020585789,0.002387867,16.2057135133,-0.4714192423,-1.7843341811,0.0000754,-0.0025098184,0.0001844408,-3.1617614084,1.3109774078,0.2422505967
matrix,w,0.0044437642,-0.0082293976,0.0037029862,-0.4714192423,15.8878403458,-2.4329530021,-0.0003529576,0.0029546068,-0.0025752865,0.2509091557,0.0219033446,0.3342797291
matrix,w,0.000180681,-0.0031133524,0.0006737674,-1.7843341811,-2.4329530021,21.795777273,-0.0054000134,0.0008771392,-0.0024578382,1.8168125775,1.3296537851,-4.5538266433
matrix,w,-0.000038,0.0000112,-0.000000683,0.0000754,-0.0003529576,-0.0054000134,0.000166207,-0.0000191,-0.0000101,-0.0063000499,0.0090559978,-0.0043137895
matrix,w,0.00000121,-0.0000029,0.000000221,-0.0025098184,0.0029546068,0.0008771392,-0.0000191,0.0000336,-0.0000034,0.004837484,-0.0059726576,0.0017376658
matrix,w,0.00000301,0.00000442,-0.0000104,0.0001844408,-0.0025752865,-0.0024578382,-0.0000101,-0.0000034,0.0000156,0.0007764981,0.0019648318,0.0000951
matrix,w,0.0022233944,-0.0014965462,0.0000753,-3.1617614084,0.2509091557,1.8168125775,-0.0063000499,0.004837484,0.0007764981,16.8627799482,-3.2125936038,-3.6231182194
matrix,w,-0.0018685675,-0.0015225435,0.0001574821,1.3109774078,0.0219033446,1.3296537851,0.0090559978,-0.0059726576,0.0019648318,-3.2125936038,14.1100379469,-3.1405732787
matrix,w,0.0001193089,0.0007916063,-0.0012436617,0.2422505967,0.3342797291,-4.5538266433,-0.0043137895,0.0017376658,0.0000951,-3.6231182194,-3.1405732787,13.089821123
matrix,j,0.0000733,-0.00000808,0.000000387,-0.0172890969,0.001929441,0.004271897,-0.0000305,0.00000185,0.000000313,0.0023347088,-0.0041485209,-0.0025167091
matrix,j,-0.00000808,0.0000165,-0.00000875,0.0031608769,0.004409505,-0.0018743655,0.00000166,-0.00000697,0.00000321,0.0001747979,0.0012884485,0.0023457746
matrix,j,0.000000387,-0.00000875,0.000019,-0.0018240736,0.001285008,-0.0013944249,-0.0000045,0.00000142,-0.00000994,0.0013786116,-0.0022624163,-0.001041249
matrix,j,-0.0172890969,0.0031608769,-0.0018240736,15.2709077481,-3.5251348397,-2.4412908642,0.0066072433,-0.0006271709,0.0015419268,-4.736083827,1.7223161545,0.3905363606
matrix,j,0.001929441,0.004409505,0.001285008,-3.5251348397,14.0212869187,1.4302471466,-0.0048697687,-0.0034593618,-0.0023652702,1.3136305242,-5.1854458556,0.1683373972
matrix,j,0.004271897,-0.0018743655,-0.0013944249,-2.4412908642,1.4302471466,14.491269029,-0.0030841709,0.0014398832,-0.0012710524,0.4657779008,-1.4077816088,-3.5900311949
matrix,j,-0.0000305,0.00000166,-0.0000045,0.0066072433,-0.0048697687,-0.0030841709,0.0001419048,-0.00000712,0.000000827,-0.0158327168,-0.001345576,0.0046751149
matrix,j,0.00000185,-0.00000697,0.00000142,-0.0006271709,-0.0034593618,0.0014398832,-0.00000712,0.0000199,-0.00000802,0.0027554475,0.0028146115,-0.0040926542
matrix,j,0.000000313,0.00000321,-0.00000994,0.0015419268,-0.0023652702,-0.0012710524,0.000000827,-0.00000802,0.0000187,-0.0030394524,0.0007998758,-0.0011677684
matrix,j,0.0023347088,0.0001747979,0.0013786116,-4.736083827,1.3136305242,0.4657779008,-0.0158327168,0.0027554475,-0.0030394524,18.395996843,-2.1149966651,-2.7690018024
matrix,j,-0.0041485209,0.0012884485,-0.0022624163,1.7223161545,-5.1854458556,-1.4077816088,-0.001345576,0.0028146115,0.0007998758,-2.1149966651,10.833468799,3.4986741025
matrix,j,-0.0025167091,0.0023457746,-0.001041249,0.3905363606,0.1683373972,-3.5900311949,0.0046751149,-0.0040926542,-0.0011677684,-2.7690018024,3.4986741025,16.9210547523
matrix,cerd_a,0.000117605318004,-7.63346418534116E-06,-4.72082637982282E-06,-0.006876217423532,0.001451114761032,0.000416317934825,-7.3602921490494E-05,2.14892950286453E-06,2.36419225772386E-06,0.000123523404506,0.001559284848372,0.000226379498273
matrix,cerd_a,-7.63346418534122E-06,5.14795275773432E-05,-9.83671689870175E-06,0.003394849919465,-0.001053839544924,-0.002280486600774,2.37669996730674E-07,-3.56196589290836E-05,7.42600542741026E-06,-0.001771361188805,0.001367839610639,0.002872017898097
matrix,cerd_a,-4.72082637982279E-06,-9.83671689870175E-06,2.64608080541049E-05,-0.001241567023912,0.002484417806389,0.000350199965502,5.31609642431704E-06,6.38137558020839E-06,-2.25755866893426E-05,0.001297063586993,-0.002738530366966,-0.001193828952742
matrix,cerd_a,-0.006876217423533,0.003394849919465,-0.001241567023912,13.6494999035081,-2.82431752551966,-1.36802518898456,0.001064441316141,-0.003161743969086,0.001027392758099,-6.94848185424364,1.37774740839992,0.656539768585861
matrix,cerd_a,0.001451114761032,-0.001053839544924,0.002484417806389,-2.82431752551966,13.6466437423384,-0.850587995530648,0.00229005388595,0.0001815606829,-0.0020527552016,1.25469602474037,-6.85914791027588,1.07777740227651
matrix,cerd_a,0.000416317934825,-0.002280486600774,0.000350199965502,-1.36802518898456,-0.850587995530641,12.3899161239618,0.000515220195287,0.001734019170896,-0.000698774877698,0.634414393131388,0.881195146015884,-6.70737277366423
matrix,cerd_a,-7.36029214904941E-05,2.37669996730638E-07,5.31609642431712E-06,0.001064441316141,0.00229005388595,0.000515220195287,0.000103406099316,-7.46255553906749E-06,-3.99836921314328E-06,-0.001212887856162,-0.00163048814878,0.000682674616335
matrix,cerd_a,2.14892950286454E-06,-3.56196589290836E-05,6.38137558020837E-06,-0.003161743969086,0.0001815606829,0.001734019170896,-7.46255553906753E-06,5.10202465700184E-05,-1.22182112351266E-05,0.002989289392107,-0.000984460027314,-0.002510387271179
matrix,cerd_a,2.36419225772383E-06,7.42600542741029E-06,-2.25755866893426E-05,0.001027392758099,-0.0020527552016,-0.000698774877698,-3.99836921314319E-06,-1.22182112351267E-05,2.96631048007925E-05,-0.002635742911822,0.0035885311797,0.000735051036408
matrix,cerd_a,0.000123523404506,-0.001771361188805,0.001297063586993,-6.94848185424364,1.25469602474036,0.634414393131385,-0.001212887856162,0.002989289392107,-0.002635742911822,13.1237320997385,-3.26443870902738,-1.80586002953094
matrix,cerd_a,0.001559284848372,0.001367839610639,-0.002738530366966,1.37774740839992,-6.85914791027587,0.881195146015868,-0.00163048814878,-0.000984460027314,0.0035885311797,-3.26443870902738,14.0122690872235,-1.41359633530243
matrix,cerd_a,0.000226379498273,0.002872017898097,-0.001193828952742,0.656539768585861,1.07777740227652,-6.70737277366424,0.000682674616335,-0.002510387271179,0.000735051036408,-1.80586002953094,-1.41359633530244,13.3868868709184
matrix,cerd_i,0.000172544218682,-2.5552962516106E-06,-8.24348444499936E-07,-0.012972380390684,0.002259271393783,0.001853354468197,-8.68378530569572E-05,3.10251591139313E-06,-1.79875359775126E-06,-0.000985165036471,-0.002425826858888,0.000350882921953
matrix,cerd_i,-2.5552962516106E-06,2.29898201560383E-05,-9.34098203520941E-06,0.001282250306269,0.002919168431731,-0.002641231785368,4.12040503896579E-06,-1.3659889570419E-05,3.53321569925247E-06,-0.000972783914849,-0.00210512811016,0.003555304002469
matrix,cerd_i,-8.24348444499924E-07,-9.34098203520941E-06,2.99829240726906E-05,-0.000674086654945,0.003568214114271,-0.000998148546093,2.62530353761216E-07,4.97925207681858E-06,-2.3225374758447E-05,0.001699569559536,-0.003527414814328,-0.001430236508568
matrix,cerd_i,-0.012972380390684,0.001282250306269,-0.000674086654945,11.8802574475437,-1.8096355162288,-1.1515282519981,-0.001119272204896,-0.000699065069331,0.001231475522327,-4.66682010064165,0.829275297356706,0.728470903175392
matrix,cerd_i,0.002259271393783,0.002919168431731,0.003568214114271,-1.80963551622879,9.9648946381035,-0.959558512245857,-0.000465742043181,0.000105835260197,-0.005060129385308,0.815640333243503,-4.52253681224467,0.569298225595428
matrix,cerd_i,0.001853354468197,-0.002641231785368,-0.000998148546093,-1.15152825199809,-0.959558512245852,12.6934389756877,-0.000857785243068,0.002471066875924,0.000146486527395,0.696583456223684,0.492562892741571,-5.12549078533421
matrix,cerd_i,-8.68378530569571E-05,4.12040503896578E-06,2.62530353761217E-07,-0.001119272204896,-0.000465742043181,-0.000857785243068,0.000137984449769,-5.52034550667E-06,-2.49766191201397E-06,-0.00542661778925,0.004400149233262,0.00384111470197
matrix,cerd_i,3.10251591139315E-06,-1.3659889570419E-05,4.97925207681858E-06,-0.000699065069331,0.000105835260197,0.002471066875924,-5.52034550667E-06,2.11568633210887E-05,-1.00983846282368E-05,0.001354608886375,0.002590756183112,-0.002942912844256
matrix,cerd_i,-1.7987535977513E-06,3.53321569925246E-06,-2.32253747584471E-05,0.001231475522327,-0.005060129385308,0.000146486527395,-2.49766191201398E-06,-1.00983846282368E-05,3.5273699652863E-05,-0.001530546577777,0.004640771154478,-0.000268270049437
matrix,cerd_i,-0.000985165036471,-0.000972783914849,0.001699569559536,-4.66682010064165,0.815640333243506,0.696583456223689,-0.00542661778925,0.001354608886375,-0.001530546577777,10.3906024001786,-2.48515043989096,-1.98150194542022
matrix,cerd_i,-0.002425826858888,-0.00210512811016,-0.003527414814328,0.829275297356711,-4.52253681224468,0.492562892741579,0.004400149233262,0.002590756183112,0.004640771154478,-2.48515043989095,9.9453699764108,-1.16388311107407
matrix,cerd_i,0.000350882921953,0.003555304002469,-0.001430236508568,0.728470903175389,0.569298225595427,-5.12549078533422,0.00384111470197,-0.002942912844256,-0.000268270049437,-1.98150194542021,-1.16388311107406,12.898519014949
matrix,cerd_u,0.00015587497156,-1.10928560002579E-05,-8.20142852300211E-06,-0.005863648782803,-0.005114199924831,-0.000609582533044,-9.0748681299735E-05,9.1951195367057E-07,6.9459111644037E-06,-0.003903714421986,0.003450981872319,0.000697846830419
matrix,cerd_u,-1.10928560002579E-05,1.76841522449223E-05,-5.17611500016234E-06,0.003202118731556,-0.00324446581882,-0.000363751726119,4.17996936222285E-06,-7.49084321602944E-06,2.71145862031502E-06,-0.002221088575481,-0.00041389050568,-9.96679582814159E-05
matrix,cerd_u,-8.20142852300204E-06,-5.17611500016237E-06,2.27925869179294E-05,0.00069987539857,0.002415707811115,0.001478444689832,4.05164808521028E-06,2.91944128317433E-06,-1.65568710956561E-05,0.000238840460199,-0.000598277123286,0.000149819464196
matrix,cerd_u,-0.005863648782803,0.003202118731556,0.00069987539857,12.5439285237339,-1.85829946241447,-0.934592171895285,0.001192262279697,-0.001823756846819,0.000373651860896,-5.83209382851252,0.551099113111138,0.736847880450627
matrix,cerd_u,-0.005114199924831,-0.00324446581882,0.002415707811115,-1.85829946241446,9.18184761478157,-1.17190729371737,0.005390615090695,0.001087954060696,-0.001786528399602,0.80884256638808,-3.19667162800945,0.437067942693681
matrix,cerd_u,-0.000609582533044,-0.000363751726119,0.001478444689832,-0.934592171895305,-1.17190729371737,11.8250462698971,0.000463286870597,0.001328134000794,-0.001919697355259,0.745039584433978,0.380004033926459,-5.24228915103729
matrix,cerd_u,-9.0748681299735E-05,4.17996936222282E-06,4.0516480852103E-06,0.001192262279697,0.005390615090695,0.000463286870597,0.000122514557835,-1.18043017575228E-05,-5.46266545770907E-06,-0.002072664612935,0.001520644766277,0.001568648012257
matrix,cerd_u,9.19511953670538E-07,-7.49084321602942E-06,2.91944128317432E-06,-0.001823756846819,0.001087954060696,0.001328134000794,-1.18043017575228E-05,1.9111036684827E-05,-6.22577668139793E-06,0.003046966879263,-0.001138730327606,0.000183620999506
matrix,cerd_u,6.94591116440368E-06,2.71145862031503E-06,-1.65568710956561E-05,0.000373651860896,-0.001786528399602,-0.001919697355259,-5.46266545770904E-06,-6.22577668139794E-06,2.43056312950502E-05,-0.000430406882701,0.001987124225311,-2.84196090630013E-05
matrix,cerd_u,-0.003903714421986,-0.002221088575481,0.000238840460199,-5.83209382851252,0.808842566388082,0.745039584433972,-0.002072664612935,0.003046966879263,-0.000430406882701,13.089462627255,-1.90667544476056,-2.31312085401671
matrix,cerd_u,0.003450981872319,-0.00041389050568,-0.000598277123286,0.55109911311113,-3.19667162800944,0.380004033926458,0.001520644766277,-0.001138730327606,0.001987124225311,-1.90667544476056,9.41523741527932,-1.37769337280785
matrix,cerd_u,0.000697846830419,-9.96679582814027E-05,0.000149819464196,0.736847880450645,0.43706794269368,-5.2422891510373,0.001568648012257,0.000183620999506,-2.84196090630084E-05,-2.31312085401672,-1.37769337280785,11.2778636172647
