type,phone,F1_25,F2_25,F3_25,B1_25,B2_25,B3_25,F1_75,F2_75,F3_75,B1_75,B2_75,B3_75
means,aa,714.2617499536,1220.4960059446,2642.399405536,2.0632534732,2.1345099432,2.5375061828,703.0118892811,1222.633104217,2625.7737321196,2.0614049869,2.1402716761,2.5348704612
means,AA0,687.7142857143,1185.9285714286,2544.8571428571,2.1861778001,2.1711907662,2.5587360178,704.5,1231.1428571429,2397.9285714286,2.2489762043,2.2412361392,2.600286578
means,AA0R,632.4613220816,1051.4971870605,2200.3192686357,2.0295148517,2.0694934381,2.5033936461,650.6258790436,1088.7841068917,1913.188466948,1.9973502229,2.0681829477,2.4148697594
means,AA1,714.2617499536,1220.4960059446,2642.399405536,2.0632534732,2.1345099432,2.5375061828,703.0118892811,1222.633104217,2625.7737321196,2.0614049869,2.1402716761,2.5348704612
means,AA1L,676.3863636364,1113.3181818182,2543.1931818182,1.9173815592,2.0624070012,2.4506829681,682.1363636364,1018.5795454546,2671.5909090909,1.9278090572,1.9158486545,2.4917694967
means,AA1R,632.4613220816,1051.4971870605,2200.3192686357,2.0295148517,2.0694934381,2.5033936461,650.6258790436,1088.7841068917,1913.188466948,1.9973502229,2.0681829477,2.4148697594
means,AA2,697.0496453901,1161.9822695036,2521.414893617,2.0271107142,2.0864762888,2.4539946857,706.3475177305,1233.3865248227,2552.6879432624,1.9955112595,2.1098035069,2.49110244
means,AA2L,676.3863636364,1113.3181818182,2543.1931818182,1.9173815592,2.0624070012,2.4506829681,682.1363636364,1018.5795454546,2671.5909090909,1.9278090572,1.9158486545,2.4917694967
means,AA2R,596.9722222222,1036.1388888889,2134.6111111111,1.9863175252,1.9905953666,2.4810735568,623.5,1057.8611111111,1976.1944444444,2.0097989218,2.0455843875,2.4973505219
means,aan,714.2617499536,1220.4960059446,2642.399405536,2.0632534732,2.1345099432,2.5375061828,703.0118892811,1222.633104217,2625.7737321196,2.0614049869,2.1402716761,2.5348704612
means,ae,650.7394329318,1785.873793671,2624.1351836613,1.990807967,2.2955005775,2.5556394319,664.5488890551,1694.9006508566,2604.3073240069,1.993511483,2.2476426072,2.5168538862
means,AE0,636.8550724638,1747,2489.0434782609,2.0210079681,2.4160803479,2.4949104468,632.9130434783,1736.3188405797,2508.3913043478,2.0651059425,2.356712198,2.4966100837
means,AE1,650.7394329318,1785.873793671,2624.1351836613,1.990807967,2.2955005775,2.5556394319,664.5488890551,1694.9006508566,2604.3073240069,1.993511483,2.2476426072,2.5168538862
means,AE1L,704.5178571429,1646.8571428571,2459.25,2.0454951986,2.4394009657,2.5291308386,762.0178571429,1582.2678571429,2491.7857142857,2.0429965851,2.2708529875,2.5042022058
means,AE2,652.3526315789,1772.3578947368,2503.2210526316,1.9794689963,2.3236705711,2.6462849799,689.1157894737,1626.3105263158,2446.5105263158,2.0151309237,2.3000281856,2.5613130617
means,AE2L,704.5178571429,1646.8571428571,2459.25,2.0454951986,2.4394009657,2.5291308386,762.0178571429,1582.2678571429,2491.7857142857,2.0429965851,2.2708529875,2.5042022058
means,aen,650.7394329318,1785.873793671,2624.1351836613,1.990807967,2.2955005775,2.5556394319,664.5488890551,1694.9006508566,2604.3073240069,1.993511483,2.2476426072,2.5168538862
means,ah,643.7139181888,1318.7754909528,2641.4191750279,1.9791775277,2.174305439,2.4963349617,616.0688620187,1303.2485207101,2645.6034645399,2.0339943882,2.1996427753,2.5202591817
means,AH0,522.1511882199,1506.3175389999,2609.2407056422,1.9760659932,2.2628423542,2.5078815207,497.2183991836,1489.9211255285,2612.624289255,2.0105934549,2.2814725656,2.5154917586
means,AH0L,502.9789473684,1277.5368421053,2573.5157894737,2.1202392638,2.3296978471,2.5696845028,507.6947368421,1251.7578947368,2543.2736842105,2.0774832488,2.3661539543,2.5995060691
means,AH1,643.7139181888,1318.7754909528,2641.4191750279,1.9791775277,2.174305439,2.4963349617,616.0688620187,1303.2485207101,2645.6034645399,2.0339943882,2.1996427753,2.5202591817
means,AH1L,677.0714285714,1252.0714285714,2803.3571428571,2.1575139284,2.1907300098,2.6258906807,655.8571428571,1120.2857142857,2781.0714285714,2.0644731335,2.1847197401,2.4990568414
means,AH2,652.4504504505,1257.5405405405,2690.963963964,2.123383014,2.1652210501,2.5042263739,603.5945945946,1279.6306306306,2590.4774774775,2.1010559281,2.1879788775,2.5233396731
means,AH2L,677.0714285714,1252.0714285714,2803.3571428571,2.1575139284,2.1907300098,2.6258906807,655.8571428571,1120.2857142857,2781.0714285714,2.0644731335,2.1847197401,2.4990568414
means,ahn,643.7139181888,1318.7754909528,2641.4191750279,1.9791775277,2.174305439,2.4963349617,616.0688620187,1303.2485207101,2645.6034645399,2.0339943882,2.1996427753,2.5202591817
means,ao,667.9816922316,1062.2127659575,2547.0346363187,2.052309277,2.0804371442,2.5256643585,651.2869866403,1037.8035625928,2556.9990103909,2.0644528135,2.0276354414,2.5209686908
means,AO0,630.3529411765,1027.2352941177,2285,1.9541504462,2.0990388486,2.6246242092,638.1176470588,991.5882352941,2032.7058823529,2.0127993104,1.9538664597,2.4604714255
means,AO0L,687.1106796117,1093.2766990291,2601.7398058252,2.0598179174,2.1180775306,2.5300913378,672.8349514563,995.6650485437,2696.5766990291,2.00560948,1.9941221039,2.4825368028
means,AO0R,451.2608695652,812.5652173913,2369.4347826087,2.154671639,2.1678682493,2.627064535,490.6956521739,863.8260869565,2166.4782608696,1.927360276,2.0301491519,2.6275462627
means,AO1,667.9816922316,1062.2127659575,2547.0346363187,2.052309277,2.0804371442,2.5256643585,651.2869866403,1037.8035625928,2556.9990103909,2.0644528135,2.0276354414,2.5209686908
means,AO1L,687.1106796117,1093.2766990291,2601.7398058252,2.0598179174,2.1180775306,2.5300913378,672.8349514563,995.6650485437,2696.5766990291,2.00560948,1.9941221039,2.4825368028
means,AO1R,472.9044117647,844.9498269896,2361.375432526,2.0892541479,2.1879247758,2.6235949461,507.4896193772,915.2837370242,2092.5346020761,1.9737952834,1.9499979983,2.4984037864
means,AO2,603.0634920635,1011.6507936508,2410.4761904762,2.0259361534,2.1378974218,2.6125735296,603.2222222222,1010.5873015873,2246.8095238095,1.9549433558,2.0394183025,2.6264293309
means,AO2L,657.5625,1089.84375,2555.75,1.9211143528,2.0879922205,2.5070789484,670.21875,1041.28125,2587.625,1.8416074685,2.0226920863,2.3905414845
means,AO2R,464.3191489362,843.829787234,2408.1914893617,2.0201028495,2.1244716583,2.5781415601,488.0212765957,891.2127659574,2093.6595744681,1.9857354505,2.0030301832,2.4878290703
means,aon,667.9816922316,1062.2127659575,2547.0346363187,2.052309277,2.0804371442,2.5256643585,651.2869866403,1037.8035625928,2556.9990103909,2.0644528135,2.0276354414,2.5209686908
means,aw,704.8146018971,1647.1980454154,2536.5326243173,2.0120662214,2.2751316666,2.56327128,698.7780971544,1249.722334004,2599.5024432308,2.1394609229,2.2288967979,2.6092953784
means,AW0,704.8146018971,1647.1980454154,2536.5326243173,2.0120662214,2.2751316666,2.56327128,698.7780971544,1249.722334004,2599.5024432308,2.1394609229,2.2288967979,2.6092953784
means,AW1,704.8146018971,1647.1980454154,2536.5326243173,2.0120662214,2.2751316666,2.56327128,698.7780971544,1249.722334004,2599.5024432308,2.1394609229,2.2288967979,2.6092953784
means,AW1L,704.8146018971,1647.1980454154,2536.5326243173,2.0120662214,2.2751316666,2.56327128,698.7780971544,1249.722334004,2599.5024432308,2.1394609229,2.2288967979,2.6092953784
means,AW1R,761.987012987,1559.2597402597,2485.4285714286,2.13584149,2.3475515993,2.4918260369,700.8961038961,1262.8311688312,2266.6883116883,2.0763662559,2.4013798976,2.6600898336
means,AW2,726.8620689655,1432.6206896552,2527.4827586207,2.1257756254,2.2758898388,2.5205443487,677.0344827586,1168.5172413793,2489.275862069,2.2131246332,2.2160934738,2.6529084877
means,awn,704.8146018971,1647.1980454154,2536.5326243173,2.0120662214,2.2751316666,2.56327128,698.7780971544,1249.722334004,2599.5024432308,2.1394609229,2.2288967979,2.6092953784
means,ay,748.9486195794,1399.5235322327,2618.0282249777,2.1005403276,2.2318287787,2.5789059574,702.0193190382,1515.1386586285,2568.5342193601,2.0758788129,2.2753422795,2.5634729946
means,AY0,761.6949152542,1364.7118644068,2498.2711864407,2.052162369,2.2090498268,2.5477626936,695.1694915254,1609.2033898305,2446.0508474576,2.0315569359,2.3409445133,2.5056831395
means,AY1,748.9486195794,1399.5235322327,2618.0282249777,2.1005403276,2.2318287787,2.5789059574,702.0193190382,1515.1386586285,2568.5342193601,2.0758788129,2.2753422795,2.5634729946
means,AY1L,759.0166666667,1286.6083333333,2598.6166666667,2.1066426845,2.1723221216,2.6226513776,775.175,1286.8,2569.35,2.080966441,2.1831911979,2.593566365
means,AY1R,750.9393939394,1305.6060606061,2385.4848484849,2.1265855641,2.3281908396,2.6914006351,707.7878787879,1421.696969697,2184.9696969697,2.1365421582,2.4021259343,2.5284111801
means,AY2,734.0723404255,1294.9531914894,2608.6255319149,2.0716856637,2.2066378958,2.5346121732,694.1234042553,1469.6,2570.0510638298,2.0180876287,2.2802760626,2.5588440579
means,AY2L,759.0166666667,1286.6083333333,2598.6166666667,2.1066426845,2.1723221216,2.6226513776,775.175,1286.8,2569.35,2.080966441,2.1831911979,2.593566365
means,ayn,748.9486195794,1399.5235322327,2618.0282249777,2.1005403276,2.2318287787,2.5789059574,702.0193190382,1515.1386586285,2568.5342193601,2.0758788129,2.2753422795,2.5634729946
means,eh,569.1460877431,1808.916930499,2627.5495251018,1.9250214544,2.283645671,2.5226558807,595.06166139,1713.1477461179,2578.3031810644,1.9469834048,2.2509250678,2.5027627327
means,EH0,577.1636363636,1844.6545454546,2745.2272727273,1.9917273875,2.2311944841,2.4961497799,571.9727272727,1798.8636363636,2664.3454545455,2.0025434944,2.2267277012,2.5029459693
means,EH1,569.1460877431,1808.916930499,2627.5495251018,1.9250214544,2.283645671,2.5226558807,595.06166139,1713.1477461179,2578.3031810644,1.9469834048,2.2509250678,2.5027627327
means,EH1L,594.443373494,1652.7084337349,2594.5421686747,1.8859119972,2.2611020845,2.4961832688,644.4409638554,1566.8313253012,2593.4963855422,1.8794296082,2.26402295,2.4876880584
means,EH1R,536.2192474674,1844.8892908828,2529.9261939219,1.8425978033,2.2776178699,2.520955949,541.6193921852,1731.0832127352,2206.9146164978,1.8840747423,2.3687794676,2.4670467771
means,EH2,567.0732484076,1787.3089171975,2489.6974522293,1.9437421048,2.3570642759,2.538059976,588.0063694268,1685.7006369427,2419.6560509554,1.9272046801,2.3037273667,2.4772062444
means,EH2L,594.443373494,1652.7084337349,2594.5421686747,1.8859119972,2.2611020845,2.4961832688,644.4409638554,1566.8313253012,2593.4963855422,1.8794296082,2.26402295,2.4876880584
means,EH2R,536,1850.2727272727,2289.7272727273,1.9187338048,2.4388885342,2.3449605082,554.4242424242,1673.696969697,2070.9393939394,1.884420417,2.4430815006,2.2794079715
means,ehn,569.1460877431,1808.916930499,2627.5495251018,1.9250214544,2.283645671,2.5226558807,595.06166139,1713.1477461179,2578.3031810644,1.9469834048,2.2509250678,2.5027627327
means,el,493.4587026875,1012.6562543971,2678.5245532574,2.1114325703,2.3291479333,2.628204349,544.3454340791,1152.4851554805,2743.4841705361,1.9925938133,2.1565028443,2.5625899972
means,eln,493.4587026875,1012.6562543971,2678.5245532574,2.1114325703,2.3291479333,2.628204349,544.3454340791,1152.4851554805,2743.4841705361,1.9925938133,2.1565028443,2.5625899972
means,er,548.5841458245,1169.8109368376,1688.3912674862,1.9593546903,2.2211581127,2.3533044812,508.4116150911,1268.3726155151,1693.6295040271,2.0179919858,2.3651848174,2.3658704656
means,ER0,496.8818229076,1303.210708716,1831.7653786172,1.9767548971,2.3452217839,2.4644869478,477.3557442384,1358.6309131866,1933.685669728,2.0874451841,2.4023039575,2.5175178709
means,ER1,548.5841458245,1169.8109368376,1688.3912674862,1.9593546903,2.2211581127,2.3533044812,508.4116150911,1268.3726155151,1693.6295040271,2.0179919858,2.3651848174,2.3658704656
means,ER1L,531.9274193548,1136.0806451613,1704.3629032258,1.9142039598,2.1373405673,2.3308627608,565.4677419355,1076.1451612903,1779.9758064516,1.8925485039,2.1417364216,2.3569222052
means,ER2,533.6285714286,1134.5714285714,1577.8857142857,2.0085099599,2.347112141,2.3856704041,492.4285714286,1265.2571428571,1736.4571428571,2.0814667566,2.4745602317,2.4283987091
means,ern,548.5841458245,1169.8109368376,1688.3912674862,1.9593546903,2.2211581127,2.3533044812,508.4116150911,1268.3726155151,1693.6295040271,2.0179919858,2.3651848174,2.3658704656
means,ey,576.4369162342,1837.0916234248,2638.7227575982,1.8845479036,2.2804973394,2.5278885659,463.3229058562,2029.8228317272,2642.6934025204,1.9540052972,2.4318960174,2.5855996463
means,EY0,580.6,1706.32,2457.84,1.839930077,2.3330658989,2.515558009,475.52,1836.08,2557,2.1016882337,2.4871675201,2.5590689356
means,EY0L,549.6153846154,1776.9538461539,2550.7846153846,1.7990090502,2.3763475306,2.4324593051,527.9076923077,1860.8769230769,2524.1538461539,1.795725428,2.4603361012,2.5216307033
means,EY1,576.4369162342,1837.0916234248,2638.7227575982,1.8845479036,2.2804973394,2.5278885659,463.3229058562,2029.8228317272,2642.6934025204,1.9540052972,2.4318960174,2.5855996463
means,EY1L,549.6153846154,1776.9538461539,2550.7846153846,1.7990090502,2.3763475306,2.4324593051,527.9076923077,1860.8769230769,2524.1538461539,1.795725428,2.4603361012,2.5216307033
means,EY2,578.9690082645,1764.5950413223,2535.6425619835,1.8426911888,2.301448326,2.5102070654,465.7520661157,1991.5061983471,2575.8388429752,1.9018881798,2.4066878445,2.5953372204
means,EY2L,549.6153846154,1776.9538461539,2550.7846153846,1.7990090502,2.3763475306,2.4324593051,527.9076923077,1860.8769230769,2524.1538461539,1.795725428,2.4603361012,2.5216307033
means,eyn,576.4369162342,1837.0916234248,2638.7227575982,1.8845479036,2.2804973394,2.5278885659,463.3229058562,2029.8228317272,2642.6934025204,1.9540052972,2.4318960174,2.5855996463
means,ih,480.6753299769,1897.1454619676,2696.5696013063,1.9052486302,2.2921612527,2.4982662208,495.8056878487,1828.0474894544,2680.3614097156,1.8777755829,2.2317173027,2.4560426913
means,IH0,503.7410947003,1819.8505647263,2671.3562119896,1.9726567412,2.2912472195,2.5192303105,474.9383145091,1934.8653344918,2667.080799305,2.011064673,2.4147163529,2.5336707446
means,IH0L,450.98,1837.688,2620.536,1.8292495825,2.3095798499,2.5112525524,488.008,1731.432,2588.928,1.7513373373,2.2913864023,2.4731613318
means,IH0R,426.4467213115,2051.1789617486,2543.193989071,1.8715756624,2.4550818921,2.5337591505,467.5396174863,1850.8524590164,2226.2786885246,1.8200723452,2.3992663831,2.4666982933
means,IH1,480.6753299769,1897.1454619676,2696.5696013063,1.9052486302,2.2921612527,2.4982662208,495.8056878487,1828.0474894544,2680.3614097156,1.8777755829,2.2317173027,2.4560426913
means,IH1L,450.98,1837.688,2620.536,1.8292495825,2.3095798499,2.5112525524,488.008,1731.432,2588.928,1.7513373373,2.2913864023,2.4731613318
means,IH1R,426.4467213115,2051.1789617486,2543.193989071,1.8715756624,2.4550818921,2.5337591505,467.5396174863,1850.8524590164,2226.2786885246,1.8200723452,2.3992663831,2.4666982933
means,IH2,504.821978022,1857.6571428571,2692.4197802198,1.9890958974,2.2904524465,2.5628540345,521.0307692308,1797.8087912088,2701.6505494506,2.0143870067,2.2563983945,2.4945938662
means,IH2L,450.98,1837.688,2620.536,1.8292495825,2.3095798499,2.5112525524,488.008,1731.432,2588.928,1.7513373373,2.2913864023,2.4731613318
means,ihn,480.6753299769,1897.1454619676,2696.5696013063,1.9052486302,2.2921612527,2.4982662208,495.8056878487,1828.0474894544,2680.3614097156,1.8777755829,2.2317173027,2.4560426913
means,iy,409.390557377,2035.3921311475,2723.2790819672,1.932026887,2.4441566227,2.5344946045,382.0266229508,2000.3741639344,2695.2203278689,1.9878397277,2.5373695984,2.5711566933
means,IY0,432.752616384,1996.3108985926,2668.0590039697,1.9476379597,2.447410986,2.5231223706,411.1632984482,1948.8072897871,2668.0902201371,2.0541411614,2.5668676489,2.5926664016
means,IY0L,417,1982.712962963,2658.2222222222,1.9139923861,2.410952817,2.552412481,423.6944444444,1948.3240740741,2556.1851851852,1.8232699042,2.459310571,2.5501541866
means,IY1,409.390557377,2035.3921311475,2723.2790819672,1.932026887,2.4441566227,2.5344946045,382.0266229508,2000.3741639344,2695.2203278689,1.9878397277,2.5373695984,2.5711566933
means,IY1L,417,1982.712962963,2658.2222222222,1.9139923861,2.410952817,2.552412481,423.6944444444,1948.3240740741,2556.1851851852,1.8232699042,2.459310571,2.5501541866
means,IY1R,426.4467213115,2051.1789617486,2543.193989071,1.8715756624,2.4550818921,2.5337591505,467.5396174863,1850.8524590164,2226.2786885246,1.8200723452,2.3992663831,2.4666982933
means,IY2,411.9634146341,2051.2195121951,2637.8902439024,1.9865123382,2.3969457761,2.5962626173,375.6829268293,1887.243902439,2621.7195121951,2.0267798454,2.4798213968,2.5416860623
means,IY2L,417,1982.712962963,2658.2222222222,1.9139923861,2.410952817,2.552412481,423.6944444444,1948.3240740741,2556.1851851852,1.8232699042,2.459310571,2.5501541866
means,iyn,409.390557377,2035.3921311475,2723.2790819672,1.932026887,2.4441566227,2.5344946045,382.0266229508,2000.3741639344,2695.2203278689,1.9878397277,2.5373695984,2.5711566933
means,l,493.4587026875,1012.6562543971,2678.5245532574,2.1114325703,2.3291479333,2.628204349,544.3454340791,1152.4851554805,2743.4841705361,1.9925938133,2.1565028443,2.5625899972
means,L,493.4587026875,1012.6562543971,2678.5245532574,2.1114325703,2.3291479333,2.628204349,544.3454340791,1152.4851554805,2743.4841705361,1.9925938133,2.1565028443,2.5625899972
means,ln,493.4587026875,1012.6562543971,2678.5245532574,2.1114325703,2.3291479333,2.628204349,544.3454340791,1152.4851554805,2743.4841705361,1.9925938133,2.1565028443,2.5625899972
means,ow,599.4643040575,1357.5690806369,2532.8496832734,1.9521236055,2.1984761279,2.5144863513,523.5610340695,1261.8846087999,2495.5396336244,1.995773188,2.2411068587,2.5374152569
means,OW0,547.1104651163,1325.9360465116,2451.4767441861,1.9015652784,2.1833567936,2.4808863536,496.7151162791,1271.9476744186,2442.1162790698,1.9223930447,2.2598032943,2.5230787416
means,OW0L,603.3545081967,1063.7745901639,2646.8196721312,1.9712734357,2.0761262158,2.5101198808,525.0635245902,876.0512295082,2741.4856557377,1.9494798062,2.0042757379,2.4652375215
means,OW1,599.4643040575,1357.5690806369,2532.8496832734,1.9521236055,2.1984761279,2.5144863513,523.5610340695,1261.8846087999,2495.5396336244,1.995773188,2.2411068587,2.5374152569
means,OW1L,603.3545081967,1063.7745901639,2646.8196721312,1.9712734357,2.0761262158,2.5101198808,525.0635245902,876.0512295082,2741.4856557377,1.9494798062,2.0042757379,2.4652375215
means,OW1R,472.9044117647,844.9498269896,2361.375432526,2.0892541479,2.1879247758,2.6235949461,507.4896193772,915.2837370242,2092.5346020761,1.9737952834,1.9499979983,2.4984037864
means,OW2,557.1891891892,1265.1756756757,2441.7297297297,1.82815724,2.2475323721,2.4893177473,492.4324324324,1232.5810810811,2461.2297297297,1.8865773522,2.2349149717,2.5703302005
means,OW2L,603.3545081967,1063.7745901639,2646.8196721312,1.9712734357,2.0761262158,2.5101198808,525.0635245902,876.0512295082,2741.4856557377,1.9494798062,2.0042757379,2.4652375215
means,own,599.4643040575,1357.5690806369,2532.8496832734,1.9521236055,2.1984761279,2.5144863513,523.5610340695,1261.8846087999,2495.5396336244,1.995773188,2.2411068587,2.5374152569
means,oy,499.0281690141,839.676056338,2525.7098591549,2.0972045496,2.1547296753,2.6259275737,528.1521126761,1430.5492957747,2438.3098591549,1.9808191071,2.2643299731,2.5634659526
means,OY1,499.0281690141,839.676056338,2525.7098591549,2.0972045496,2.1547296753,2.6259275737,528.1521126761,1430.5492957747,2438.3098591549,1.9808191071,2.2643299731,2.5634659526
means,OY1L,544.8181818182,921.6363636364,2714.0909090909,2.1487787138,2.0695793104,2.684723973,566.8181818182,1286,2688.7272727273,2.0069289043,2.1245125985,2.4189747827
means,oyn,499.0281690141,839.676056338,2525.7098591549,2.0972045496,2.1547296753,2.6259275737,528.1521126761,1430.5492957747,2438.3098591549,1.9808191071,2.2643299731,2.5634659526
means,r,486.4896615304,1187.8906887923,1834.7186882655,2.119933445,2.3644731916,2.5581721636,536.6100355591,1341.9208481496,1910.5183721849,1.9336143803,2.2716701194,2.3547395966
means,R,486.4896615304,1187.8906887923,1834.7186882655,2.119933445,2.3644731916,2.5581721636,536.6100355591,1341.9208481496,1910.5183721849,1.9336143803,2.2716701194,2.3547395966
means,rn,486.4896615304,1187.8906887923,1834.7186882655,2.119933445,2.3644731916,2.5581721636,536.6100355591,1341.9208481496,1910.5183721849,1.9336143803,2.2716701194,2.3547395966
means,uh,495.1038961039,1351.1688311688,2581.3432282004,1.8258810036,2.1863100796,2.458519431,484.9016697588,1438.1502782931,2536.7402597403,1.7914516242,2.1552107194,2.4424631776
means,UH1,495.1038961039,1351.1688311688,2581.3432282004,1.8258810036,2.1863100796,2.458519431,484.9016697588,1438.1502782931,2536.7402597403,1.7914516242,2.1552107194,2.4424631776
means,UH1L,677.0714285714,1252.0714285714,2803.3571428571,2.1575139284,2.1907300098,2.6258906807,655.8571428571,1120.2857142857,2781.0714285714,2.0644731335,2.1847197401,2.4990568414
means,UH1R,412.2674418605,1367.488372093,2165.0697674419,1.8915340593,2.2591765233,2.5057554703,445.4302325581,1148.1976744186,1920.1860465116,1.8829214965,2.1602325354,2.4025837016
means,UH2,493.7741935484,1228.3548387097,2488.5161290323,1.7137276034,2.1418514946,2.5147605144,477,1368.064516129,2498.3225806452,1.6533663509,2.1251478132,2.5126549606
means,uhn,495.1038961039,1351.1688311688,2581.3432282004,1.8258810036,2.1863100796,2.458519431,484.9016697588,1438.1502782931,2536.7402597403,1.7914516242,2.1552107194,2.4424631776
means,uw,408.8784409921,1622.5849005179,2482.931316435,1.8829757413,2.3547500752,2.497386237,389.7917688744,1470.4333605887,2452.7549741074,1.9464304826,2.427268585,2.5252825621
means,UW0,402.6846153846,1368.4846153846,2410.5,2.0155680894,2.5333039486,2.6406351073,465.6461538462,1291.0769230769,2378.4076923077,1.9128912341,2.2519579728,2.5015665206
means,UW0L,424.3477011494,1085.1867816092,2468.275862069,1.8191325395,2.1999434967,2.5225611273,406.9252873563,898.1235632184,2532.5833333333,1.9186922308,2.1630354275,2.5453349035
means,UW1,408.8784409921,1622.5849005179,2482.931316435,1.8829757413,2.3547500752,2.497386237,389.7917688744,1470.4333605887,2452.7549741074,1.9464304826,2.427268585,2.5252825621
means,UW1L,424.3477011494,1085.1867816092,2468.275862069,1.8191325395,2.1999434967,2.5225611273,406.9252873563,898.1235632184,2532.5833333333,1.9186922308,2.1630354275,2.5453349035
means,UW1R,412.2674418605,1367.488372093,2165.0697674419,1.8915340593,2.2591765233,2.5057554703,445.4302325581,1148.1976744186,1920.1860465116,1.8829214965,2.1602325354,2.4025837016
means,UW2,398.8823529412,1753.9705882353,2447.2647058824,1.8533444582,2.5038762526,2.610237208,387.2352941176,1640.7058823529,2403.5882352941,1.8877680338,2.6455529524,2.6833558966
means,uwn,408.8784409921,1622.5849005179,2482.931316435,1.8829757413,2.3547500752,2.497386237,389.7917688744,1470.4333605887,2452.7549741074,1.9464304826,2.427268585,2.5252825621
means,w,432.142804394,1076.8675343857,2433.3088710422,2.2669979531,2.6046307745,2.7057702053,471.7564848149,1008.3373949968,2418.9373211483,2.018273145,2.1040623673,2.5578687207
means,W,432.142804394,1076.8675343857,2433.3088710422,2.2669979531,2.6046307745,2.7057702053,471.7564848149,1008.3373949968,2418.9373211483,2.018273145,2.1040623673,2.5578687207
means,wn,432.142804394,1076.8675343857,2433.3088710422,2.2669979531,2.6046307745,2.7057702053,471.7564848149,1008.3373949968,2418.9373211483,2.018273145,2.1040623673,2.5578687207
means,y,404.3214986269,1929.2877599059,2793.6327971754,2.2041339704,2.5963718337,2.6196693657,398.8566104355,2047.7787367595,2736.9460572774,2.0193634324,2.4067295273,2.5769792159
means,Y,404.3214986269,1929.2877599059,2793.6327971754,2.2041339704,2.5963718337,2.6196693657,398.8566104355,2047.7787367595,2736.9460572774,2.0193634324,2.4067295273,2.5769792159
means,yn,404.3214986269,1929.2877599059,2793.6327971754,2.2041339704,2.5963718337,2.6196693657,398.8566104355,2047.7787367595,2736.9460572774,2.0193634324,2.4067295273,2.5769792159
matrix,aa,0.0001887255,-0.0000098,-0.00000676,0.0036689411,0.0020628696,-0.0056446945,-0.0001160804,-0.0000032,-0.000000475,-0.0056333879,0.0001373037,0.0014439269
matrix,aa,-0.0000098,0.000058,0.00000643,0.0078690701,-0.0077431727,-0.0030651105,0.0000016,-0.0000394,-0.00000581,-0.0065691091,0.0011327402,-0.0000694
matrix,aa,-0.00000676,0.00000643,0.0000238,-0.0003809105,0.0046353984,0.0013211404,-0.000000434,-0.00000683,-0.0000187,-0.0012549805,-0.0027403525,-0.0017126675
matrix,aa,0.0036689411,0.0078690701,-0.0003809105,22.2657042878,-2.3095924357,-2.2470782733,-0.0033189643,-0.0074249226,-0.0011911439,-12.7795687402,1.6935457371,0.7612347729
matrix,aa,0.0020628696,-0.0077431727,0.0046353984,-2.3095924357,21.8078639853,-1.430480054,-0.0005255911,-0.0001249363,-0.0019580871,1.3440468337,-6.7589276003,0.549222231
matrix,aa,-0.0056446945,-0.0030651105,0.0013211404,-2.2470782733,-1.430480054,17.8277327971,0.0008154812,0.0014925018,-0.0000869,0.9729467304,0.2857886306,-8.1060734807
matrix,aa,-0.0001160804,0.0000016,-0.000000434,-0.0033189643,-0.0005255911,0.0008154812,0.0001780112,-0.0000213,-0.00000718,0.0060437866,-0.0028557167,-0.0028822868
matrix,aa,-0.0000032,-0.0000394,-0.00000683,-0.0074249226,-0.0001249363,0.0014925018,-0.0000213,0.0000605,0.00000586,0.0102950711,-0.0030255024,0.00000152
matrix,aa,-0.000000475,-0.00000581,-0.0000187,-0.0011911439,-0.0019580871,-0.0000869,-0.00000718,0.00000586,0.0000242,0.0004455178,0.0043879955,0.0012180583
matrix,aa,-0.0056333879,-0.0065691091,-0.0012549805,-12.7795687402,1.3440468337,0.9729467304,0.0060437866,0.0102950711,0.0004455178,20.4033456675,-3.8823662317,-3.0470288086
matrix,aa,0.0001373037,0.0011327402,-0.0027403525,1.6935457371,-6.7589276003,0.2857886306,-0.0028557167,-0.0030255024,0.0043879955,-3.8823662317,21.2160376811,-1.3567593014
matrix,aa,0.0014439269,-0.0000694,-0.0017126675,0.7612347729,0.549222231,-8.1060734807,-0.0028822868,0.00000152,0.0012180583,-3.0470288086,-1.3567593014,17.8154475063
matrix,AA0,0.0002232188,-0.0000403,-0.00000905,-0.0090043271,0.008688164,0.0249114026,-0.0000376,0.0000258,-0.00000978,0.0340048629,-0.0285784286,-0.0161647973
matrix,AA0,-0.0000403,0.0001610757,-0.00000538,0.0180413336,0.0046452763,-0.0232122385,-0.0000374,-0.0000946,0.0000201,-0.0177914628,0.0186895955,0.019425709
matrix,AA0,-0.00000905,-0.00000538,0.0000125,-0.0032087203,0.0076234254,-0.0047059025,-0.00000189,0.00000761,-0.00000537,0.0006714559,-0.0045160934,-0.0005689526
matrix,AA0,-0.0090043271,0.0180413336,-0.0032087203,27.3464293816,-8.5199626969,-3.1607650782,-0.0238878629,-0.0125501635,0.0006679461,-20.2993431656,1.4538492195,0.3009934049
matrix,AA0,0.008688164,0.0046452763,0.0076234254,-8.5199626969,17.6533937371,-1.6854206834,-0.0021882168,-0.0030470503,-0.0026900312,7.8007154138,-7.6579723741,0.7174386548
matrix,AA0,0.0249114026,-0.0232122385,-0.0047059025,-3.1607650782,-1.6854206834,19.1784045579,-0.0078710496,0.0152169155,-0.001212659,1.6140415644,0.0297014554,-11.7704066142
matrix,AA0,-0.0000376,-0.0000374,-0.00000189,-0.0238878629,-0.0021882168,-0.0078710496,0.0001952977,0.0000246,-0.000017,0.0201718776,-0.0214362033,0.0137350591
matrix,AA0,0.0000258,-0.0000946,0.00000761,-0.0125501635,-0.0030470503,0.0152169155,0.0000246,0.0000956,-0.0000189,0.0150921061,-0.0153677045,-0.0192862924
matrix,AA0,-0.00000978,0.0000201,-0.00000537,0.0006679461,-0.0026900312,-0.001212659,-0.000017,-0.0000189,0.0000152,-0.0032992083,0.015727648,0.0014968343
matrix,AA0,0.0340048629,-0.0177914628,0.0006714559,-20.2993431656,7.8007154138,1.6140415644,0.0201718776,0.0150921061,-0.0032992083,28.7182564398,-10.8091058381,1.7503983419
matrix,AA0,-0.0285784286,0.0186895955,-0.0045160934,1.4538492195,-7.6579723741,0.0297014554,-0.0214362033,-0.0153677045,0.015727648,-10.8091058381,29.1976475698,-0.4383436662
matrix,AA0,-0.0161647973,0.019425709,-0.0005689526,0.3009934049,0.7174386548,-11.7704066142,0.0137350591,-0.0192862924,0.0014968343,1.7503983419,-0.4383436662,16.7117786492
matrix,AA0R,0.0003649832,-0.0000135,-0.0000127,0.0015495496,-0.0117548012,-0.0004896331,-0.0002711484,-0.0000173,0.0000149,-0.0090336526,0.0091043066,-0.0027394548
matrix,AA0R,-0.0000135,0.0000789,-0.00000000584,0.008490414,-0.0155573444,-0.0036290682,0.0000139,-0.0000636,-0.00000632,-0.0085169884,-0.0038987575,0.0016824742
matrix,AA0R,-0.0000127,-0.00000000584,0.0000214,0.0001200441,0.0058250496,-0.0018928467,-0.00000886,0.0000025,-0.0000139,-0.0007853903,-0.0010231124,-0.0012611138
matrix,AA0R,0.0015495496,0.008490414,0.0001200441,25.9135502193,-4.9084422138,-2.7110722881,-0.0044628598,-0.0096735568,0.0008973892,-14.8160674611,2.1567291008,2.3086027157
matrix,AA0R,-0.0117548012,-0.0155573444,0.0058250496,-4.9084422138,23.426427814,-2.5536853526,0.0109592971,0.0090300658,-0.0032055427,5.0286201935,-5.4343850309,0.0025634773
matrix,AA0R,-0.0004896331,-0.0036290682,-0.0018928467,-2.7110722881,-2.5536853526,17.0308365184,-0.007134546,0.0007906221,0.0029457058,-0.2533873072,0.8842452339,-4.9007002427
matrix,AA0R,-0.0002711484,0.0000139,-0.00000886,-0.0044628598,0.0109592971,-0.007134546,0.0004429644,-0.0000527,-0.00000931,0.0057232712,-0.0107463866,0.0049857841
matrix,AA0R,-0.0000173,-0.0000636,0.0000025,-0.0096735568,0.0090300658,0.0007906221,-0.0000527,0.0001262041,-0.00000451,0.0128437507,-0.0080062816,-0.0006439625
matrix,AA0R,0.0000149,-0.00000632,-0.0000139,0.0008973892,-0.0032055427,0.0029457058,-0.00000931,-0.00000451,0.0000258,-0.0009312733,0.0052147053,-0.0016719318
matrix,AA0R,-0.0090336526,-0.0085169884,-0.0007853903,-14.8160674611,5.0286201935,-0.2533873072,0.0057232712,0.0128437507,-0.0009312733,26.4732596084,-5.3089767413,-2.0084826542
matrix,AA0R,0.0091043066,-0.0038987575,-0.0010231124,2.1567291008,-5.4343850309,0.8842452339,-0.0107463866,-0.0080062816,0.0052147053,-5.3089767413,26.743287216,-2.1146420522
matrix,AA0R,-0.0027394548,0.0016824742,-0.0012611138,2.3086027157,0.0025634773,-4.9007002427,0.0049857841,-0.0006439625,-0.0016719318,-2.0084826542,-2.1146420522,14.4702114049
matrix,AA1,0.0001887255,-0.0000098,-0.00000676,0.0036689411,0.0020628696,-0.0056446945,-0.0001160804,-0.0000032,-0.000000475,-0.0056333879,0.0001373037,0.0014439269
matrix,AA1,-0.0000098,0.000058,0.00000643,0.0078690701,-0.0077431727,-0.0030651105,0.0000016,-0.0000394,-0.00000581,-0.0065691091,0.0011327402,-0.0000694
matrix,AA1,-0.00000676,0.00000643,0.0000238,-0.0003809105,0.0046353984,0.0013211404,-0.000000434,-0.00000683,-0.0000187,-0.0012549805,-0.0027403525,-0.0017126675
matrix,AA1,0.0036689411,0.0078690701,-0.0003809105,22.2657042878,-2.3095924357,-2.2470782733,-0.0033189643,-0.0074249226,-0.0011911439,-12.7795687402,1.6935457371,0.7612347729
matrix,AA1,0.0020628696,-0.0077431727,0.0046353984,-2.3095924357,21.8078639853,-1.430480054,-0.0005255911,-0.0001249363,-0.0019580871,1.3440468337,-6.7589276003,0.549222231
matrix,AA1,-0.0056446945,-0.0030651105,0.0013211404,-2.2470782733,-1.430480054,17.8277327971,0.0008154812,0.0014925018,-0.0000869,0.9729467304,0.2857886306,-8.1060734807
matrix,AA1,-0.0001160804,0.0000016,-0.000000434,-0.0033189643,-0.0005255911,0.0008154812,0.0001780112,-0.0000213,-0.00000718,0.0060437866,-0.0028557167,-0.0028822868
matrix,AA1,-0.0000032,-0.0000394,-0.00000683,-0.0074249226,-0.0001249363,0.0014925018,-0.0000213,0.0000605,0.00000586,0.0102950711,-0.0030255024,0.00000152
matrix,AA1,-0.000000475,-0.00000581,-0.0000187,-0.0011911439,-0.0019580871,-0.0000869,-0.00000718,0.00000586,0.0000242,0.0004455178,0.0043879955,0.0012180583
matrix,AA1,-0.0056333879,-0.0065691091,-0.0012549805,-12.7795687402,1.3440468337,0.9729467304,0.0060437866,0.0102950711,0.0004455178,20.4033456675,-3.8823662317,-3.0470288086
matrix,AA1,0.0001373037,0.0011327402,-0.0027403525,1.6935457371,-6.7589276003,0.2857886306,-0.0028557167,-0.0030255024,0.0043879955,-3.8823662317,21.2160376811,-1.3567593014
matrix,AA1,0.0014439269,-0.0000694,-0.0017126675,0.7612347729,0.549222231,-8.1060734807,-0.0028822868,0.00000152,0.0012180583,-3.0470288086,-1.3567593014,17.8154475063
matrix,AA1L,0.0002717001,-0.00000457,-0.0000187,-0.0376275579,0.0179206192,0.011524661,-0.0001365215,-0.0000167,-0.0000112,0.0201930972,-0.0243654988,-0.0166402139
matrix,AA1L,-0.00000457,0.0001756365,-0.00000887,0.022078335,-0.0324867925,-0.0020684959,-0.0000369,-0.0001330102,-0.00000457,-0.0071384438,-0.0314482993,-0.0145121722
matrix,AA1L,-0.0000187,-0.00000887,0.0000172,-0.0032919583,0.0020917142,0.0022960942,0.0000144,0.00000000156,-0.00000366,-0.0042113501,0.0085972644,0.0022261459
matrix,AA1L,-0.0376275579,0.022078335,-0.0032919583,52.35927267,-18.2001566535,-9.1632730252,0.019521301,-0.0270813413,-0.0040463744,-32.2978519461,10.8572525077,11.1710263617
matrix,AA1L,0.0179206192,-0.0324867925,0.0020917142,-18.2001566535,23.4948562396,2.0527348251,-0.0045491523,0.0215275324,0.0025260095,12.5273218504,-5.8458223735,-2.813243415
matrix,AA1L,0.011524661,-0.0020684959,0.0022960942,-9.1632730252,2.0527348251,15.982988215,-0.0064528246,0.0035471159,-0.0008602164,6.7985214556,0.0332599619,-8.7897481843
matrix,AA1L,-0.0001365215,-0.0000369,0.0000144,0.019521301,-0.0045491523,-0.0064528246,0.0003771249,-0.0001019425,-0.0000228,-0.0169001086,0.0291628663,0.0198252083
matrix,AA1L,-0.0000167,-0.0001330102,0.00000000156,-0.0270813413,0.0215275324,0.0035471159,-0.0001019425,0.0002698727,0.0000152,0.0248935764,-0.0054315113,0.0000624
matrix,AA1L,-0.0000112,-0.00000457,-0.00000366,-0.0040463744,0.0025260095,-0.0008602164,-0.0000228,0.0000152,0.0000204,0.0028625008,0.0054728123,-0.0008321593
matrix,AA1L,0.0201930972,-0.0071384438,-0.0042113501,-32.2978519461,12.5273218504,6.7985214556,-0.0169001086,0.0248935764,0.0028625008,39.5271467034,-19.4838663013,-12.2090387714
matrix,AA1L,-0.0243654988,-0.0314482993,0.0085972644,10.8572525077,-5.8458223735,0.0332599619,0.0291628663,-0.0054315113,0.0054728123,-19.4838663013,44.7693576215,11.5942940467
matrix,AA1L,-0.0166402139,-0.0145121722,0.0022261459,11.1710263617,-2.813243415,-8.7897481843,0.0198252083,0.0000624,-0.0008321593,-12.2090387714,11.5942940467,16.7119147825
matrix,AA1R,0.0003649832,-0.0000135,-0.0000127,0.0015495496,-0.0117548012,-0.0004896331,-0.0002711484,-0.0000173,0.0000149,-0.0090336526,0.0091043066,-0.0027394548
matrix,AA1R,-0.0000135,0.0000789,-0.00000000584,0.008490414,-0.0155573444,-0.0036290682,0.0000139,-0.0000636,-0.00000632,-0.0085169884,-0.0038987575,0.0016824742
matrix,AA1R,-0.0000127,-0.00000000584,0.0000214,0.0001200441,0.0058250496,-0.0018928467,-0.00000886,0.0000025,-0.0000139,-0.0007853903,-0.0010231124,-0.0012611138
matrix,AA1R,0.0015495496,0.008490414,0.0001200441,25.9135502193,-4.9084422138,-2.7110722881,-0.0044628598,-0.0096735568,0.0008973892,-14.8160674611,2.1567291008,2.3086027157
matrix,AA1R,-0.0117548012,-0.0155573444,0.0058250496,-4.9084422138,23.426427814,-2.5536853526,0.0109592971,0.0090300658,-0.0032055427,5.0286201935,-5.4343850309,0.0025634773
matrix,AA1R,-0.0004896331,-0.0036290682,-0.0018928467,-2.7110722881,-2.5536853526,17.0308365184,-0.007134546,0.0007906221,0.0029457058,-0.2533873072,0.8842452339,-4.9007002427
matrix,AA1R,-0.0002711484,0.0000139,-0.00000886,-0.0044628598,0.0109592971,-0.007134546,0.0004429644,-0.0000527,-0.00000931,0.0057232712,-0.0107463866,0.0049857841
matrix,AA1R,-0.0000173,-0.0000636,0.0000025,-0.0096735568,0.0090300658,0.0007906221,-0.0000527,0.0001262041,-0.00000451,0.0128437507,-0.0080062816,-0.0006439625
matrix,AA1R,0.0000149,-0.00000632,-0.0000139,0.0008973892,-0.0032055427,0.0029457058,-0.00000931,-0.00000451,0.0000258,-0.0009312733,0.0052147053,-0.0016719318
matrix,AA1R,-0.0090336526,-0.0085169884,-0.0007853903,-14.8160674611,5.0286201935,-0.2533873072,0.0057232712,0.0128437507,-0.0009312733,26.4732596084,-5.3089767413,-2.0084826542
matrix,AA1R,0.0091043066,-0.0038987575,-0.0010231124,2.1567291008,-5.4343850309,0.8842452339,-0.0107463866,-0.0080062816,0.0052147053,-5.3089767413,26.743287216,-2.1146420522
matrix,AA1R,-0.0027394548,0.0016824742,-0.0012611138,2.3086027157,0.0025634773,-4.9007002427,0.0049857841,-0.0006439625,-0.0016719318,-2.0084826542,-2.1146420522,14.4702114049
matrix,AA2,0.0004292748,-0.000053,-0.0000414,0.0059575449,-0.0060734722,-0.0154141506,-0.0002701899,0.0000185,0.0000317,0.0008964829,-0.0006165739,-0.0003076368
matrix,AA2,-0.000053,0.0001146069,0.00000276,0.0138391105,-0.0093291679,-0.0013875019,-0.00000415,-0.0000504,-0.00000134,-0.0171189786,0.0015054471,-0.0011820718
matrix,AA2,-0.0000414,0.00000276,0.0000368,-0.0006746411,0.0077115661,0.005486628,0.0000123,-0.000000304,-0.000025,-0.0032488909,-0.0030634897,-0.004401147
matrix,AA2,0.0059575449,0.0138391105,-0.0006746411,31.33400276,-9.1465184229,1.0729109801,-0.0127758618,-0.0048267566,0.000647553,-20.1244172243,5.8954089181,-2.661468939
matrix,AA2,-0.0060734722,-0.0093291679,0.0077115661,-9.1465184229,31.679138227,-3.4358903306,0.002001995,0.0026363021,-0.0025686517,10.4678516016,-13.5019778566,0.8717991681
matrix,AA2,-0.0154141506,-0.0013875019,0.005486628,1.0729109801,-3.4358903306,21.4347820312,0.0041465425,-0.0008284209,-0.0060140502,-3.6288998146,3.2120344416,-9.935554563
matrix,AA2,-0.0002701899,-0.00000415,0.0000123,-0.0127758618,0.002001995,0.0041465425,0.0003608162,-0.0000214,-0.0000344,0.0112611836,-0.0076228697,-0.0092640867
matrix,AA2,0.0000185,-0.0000504,-0.000000304,-0.0048267566,0.0026363021,-0.0008284209,-0.0000214,0.0000551,0.00000287,0.0095060095,-0.0046701416,0.0032421799
matrix,AA2,0.0000317,-0.00000134,-0.000025,0.000647553,-0.0025686517,-0.0060140502,-0.0000344,0.00000287,0.0000301,-0.0002188995,0.0036921028,0.0081919777
matrix,AA2,0.0008964829,-0.0171189786,-0.0032488909,-20.1244172243,10.4678516016,-3.6288998146,0.0112611836,0.0095060095,-0.0002188995,29.4821043023,-7.8187772716,0.854120656
matrix,AA2,-0.0006165739,0.0015054471,-0.0030634897,5.8954089181,-13.5019778566,3.2120344416,-0.0076228697,-0.0046701416,0.0036921028,-7.8187772716,28.0643882646,-4.9937761056
matrix,AA2,-0.0003076368,-0.0011820718,-0.004401147,-2.661468939,0.8717991681,-9.935554563,-0.0092640867,0.0032421799,0.0081919777,0.854120656,-4.9937761056,20.402332726
matrix,AA2L,0.0002717001,-0.00000457,-0.0000187,-0.0376275579,0.0179206192,0.011524661,-0.0001365215,-0.0000167,-0.0000112,0.0201930972,-0.0243654988,-0.0166402139
matrix,AA2L,-0.00000457,0.0001756365,-0.00000887,0.022078335,-0.0324867925,-0.0020684959,-0.0000369,-0.0001330102,-0.00000457,-0.0071384438,-0.0314482993,-0.0145121722
matrix,AA2L,-0.0000187,-0.00000887,0.0000172,-0.0032919583,0.0020917142,0.0022960942,0.0000144,0.00000000156,-0.00000366,-0.0042113501,0.0085972644,0.0022261459
matrix,AA2L,-0.0376275579,0.022078335,-0.0032919583,52.35927267,-18.2001566535,-9.1632730252,0.019521301,-0.0270813413,-0.0040463744,-32.2978519461,10.8572525077,11.1710263617
matrix,AA2L,0.0179206192,-0.0324867925,0.0020917142,-18.2001566535,23.4948562396,2.0527348251,-0.0045491523,0.0215275324,0.0025260095,12.5273218504,-5.8458223735,-2.813243415
matrix,AA2L,0.011524661,-0.0020684959,0.0022960942,-9.1632730252,2.0527348251,15.982988215,-0.0064528246,0.0035471159,-0.0008602164,6.7985214556,0.0332599619,-8.7897481843
matrix,AA2L,-0.0001365215,-0.0000369,0.0000144,0.019521301,-0.0045491523,-0.0064528246,0.0003771249,-0.0001019425,-0.0000228,-0.0169001086,0.0291628663,0.0198252083
matrix,AA2L,-0.0000167,-0.0001330102,0.00000000156,-0.0270813413,0.0215275324,0.0035471159,-0.0001019425,0.0002698727,0.0000152,0.0248935764,-0.0054315113,0.0000624
matrix,AA2L,-0.0000112,-0.00000457,-0.00000366,-0.0040463744,0.0025260095,-0.0008602164,-0.0000228,0.0000152,0.0000204,0.0028625008,0.0054728123,-0.0008321593
matrix,AA2L,0.0201930972,-0.0071384438,-0.0042113501,-32.2978519461,12.5273218504,6.7985214556,-0.0169001086,0.0248935764,0.0028625008,39.5271467034,-19.4838663013,-12.2090387714
matrix,AA2L,-0.0243654988,-0.0314482993,0.0085972644,10.8572525077,-5.8458223735,0.0332599619,0.0291628663,-0.0054315113,0.0054728123,-19.4838663013,44.7693576215,11.5942940467
matrix,AA2L,-0.0166402139,-0.0145121722,0.0022261459,11.1710263617,-2.813243415,-8.7897481843,0.0198252083,0.0000624,-0.0008321593,-12.2090387714,11.5942940467,16.7119147825
